6012
6128
4365
9199
4097
2418
6079
4701
5726
8907
0953
8899
6968
8076
0802
3128
4343
6182
5600
7313
4481
5661
2580
3508
4368
6626
5444
6350
1557
3777
5081
6138
7097
8420
3501
1719
0265
9306
7920
3385
1592
5354
0165
9245
8793
2390
5168
0348
0730
2495
5438
1806
2032
9107
5091
7063
5821
9078
3523
8103
3098
6027
9420
1740
0532
8683
0614
6945
3738
6967
3223
4126
6202
8389
2424
4630
4588
9675
0824
7418
5712
8596
5981
7379
6450
8765
3524
8290
5543
8529
8874
3384
7591
0731
7693
7293
2995
2679
2056
4942
5597
9144
7233
7848
3260
9500
1445
1534
3371
6169
1510
4348
9297
3564
8018
5329
3872
2622
9559
9948
8931
9073
3277
2122
5373
9561
2675
3147
8693
0798
7040
1005
5953
2323
3529
8412
1831
6640
7560
4739
2777
3342
8635
2901
9894
0764
1071
3993
1784
1507
3120
9977
1375
3237
3910
6397
1412
8946
6227
9817
9009
6108
0801
4854
0278
8040
3624
4242
2441
4016
9965
8534
5072
8517
4166
0753
8190
5188
7799
0642
8971
2700
4316
0718
8496
1604
2417
5509
3583
1700
9902
0901
7310
6600
4773
7584
2126
5294
1525
9237
3848
7413
4346
5518
5620
9356
9761
0754
5165
0350
4202
5832
4779
4724
7888
3005
3783
0228
6277
3608
2467
2883
9216
7625
0082
0736
9506
2856
7160
3227
2171
7351
6654
7740
0419
5593
1410
4001
1518
5266
5227
9990
2506
7532
2351
8871
3406
1974
4133
6566
7491
8687
3214
4961
7146
0668
1751
2121
4774
5080
4030
1287
4613
5778
6181
5121
5780
1077
1470
0089
3317
8996
7464
9507
1442
1024
7289
9424
4736
0221
3596
8789
7371
2617
8802
5086
5703
6768
1100
1294
9830
5480
0583
7098
7011
4338
1420
9328
5519
1716
6349
8277
8464
4152
1361
5483
7782
2646
7013
7622
2019
2532
5537
3644
4286
0121
2095
2634
8685
9471
4637
8713
6074
2447
4918
1643
5058
1884
9569
9828
5397
6259
8788
7133
3591
8564
4280
7555
0822
3915
9924
8062
5096
9987
4829
7943
9597
4358
1562
5836
0497
0630
7650
1942
8287
5538
4796
5929
2364
8498
0505
4305
1656
5884
6391
8849
8053
8640
9129
9887
2891
9860
8171
8329
6937
7221
3961
9557
4243
8385
1066
5748
7121
7545
1998
9436
9964
9314
2310
5114
3123
9225
7227
1702
0264
0303
0353
3814
4217
7198
7951
5598
0125
3843
4593
0816
8410
1423
7922
1458
0247
0940
1366
3954
0083
2009
1249
0638
1353
3149
4301
7894
7199
7237
9132
5412
3761
8902
2266
3733
6069
1119
9863
3548
6013
8636
9051
3426
3114
6374
1476
9414
0203
8723
7870
9660
8829
8923
5466
9857
0358
8001
1055
1602
2520
5609
7999
7683
9699
3538
2099
3827
7547
7725
3975
5024
7037
3285
6732
9174
9106
0477
1820
8137
7791
5035
3061
1347
4396
5406
8292
2464
1771
0263
6051
9265
9625
8589
9635
6260
4521
6324
8032
9033
9533
2018
9797
1078
1661
6249
6999
9848
6712
5009
5267
1650
5796
2039
1745
2931
1303
1348
1663
5513
4045
0835
2248
9915
9711
0025
6278
4136
5368
5645
3879
1927
6290
4636
8761
2986
7328
0444
8320
6222
0560
3535
0813
0262
1134
1538
1645
4328
5562
1499
8630
1578
5988
4476
3158
5057
4704
4660
8536
6475
0569
2218
4364
1691
1239
3032
3099
9809
9735
0864
6230
8851
4278
8132
1080
7758
9829
8119
6586
5084
6580
2058
1116
3483
9475
1273
9337
1690
7947
0654
4495
5935
3368
6791
5653
4262
8258
2658
4320
7877
1821
9246
1587
4611
8524
4288
3404
2075
0599
3204
5134
8135
3572
1506
3623
6829
4794
5691
8298
5669
9410
8139
6552
8530
0853
4444
6473
3930
5204
9846
1158
3613
0993
4429
1121
6839
5401
6998
0408
3874
1980
0024
8979
1393
4544
0111
2219
3084
5425
2274
6889
1914
4493
9899
1912
9644
5874
5176
5754
7258
7749
5592
5807
8390
9813
6898
0295
1019
8895
2192
8202
9693
7597
6823
1766
9385
6133
4271
9778
7123
4900
2741
4717
6392
2794
1390
4753
5231
1709
5735
4776
4998
1359
8121
9496
9680
4691
1897
2421
7723
5269
1082
4386
8443
1963
0627
3616
0008
3017
1435
8046
7520
1492
6125
3917
3041
0937
8796
2523
6864
1092
7643
0166
3959
9516
7015
9087
4109
9338
6220
6687
2550
3353
3130
8708
4641
3842
5047
7014
9195
5111
5510
2450
4713
1519
9620
5038
9350
3918
3234
6678
7374
6884
7460
4244
2769
4606
9648
0741
0949
5472
7375
8699
9720
0056
2845
1524
4723
4663
9323
6304
5835
6737
8021
4231
2691
6606
2002
3780
7825
6792
2108
1240
1763
1161
5810
2758
9201
4944
0501
6343
9262
7172
8552
1299
3883
3976
5469
6939
7068
8997
2382
9651
3431
7705
6373
3475
0659
5993
4786
7308
0332
8615
7846
6107
1832
3401
8700
1953
0052
5634
7190
9214
4710
2003
6042
0626
3826
7060
2066
8395
8441
2672
9120
7843
7290
9340
4441
5889
6497
2629
3253
4060
9694
7046
2762
2963
2833
5942
8936
2260
1764
6909
7043
7062
4938
7973
4425
8722
2028
2125
7833
4366
0098
0721
2942
8808
3117
6773
5774
9551
0417
0299
7019
2158
8751
4767
4475
6817
6866
8650
9048
9302
0002
8486
8302
9021
5845
3769
3402
0188
2539
6542
9662
1085
3073
3281
2176
9951
5840
3552
4473
7697
2919
7979
0366
6076
3391
1006
4215
3664
8924
1898
3468
4884
7480
1762
1685
9022
9378
6488
2662
0800
3405
6083
5287
4897
7494
3255
7609
9083
5298
5837
2138
1596
9953
1873
2282
8659
2778
2324
1646
8686
9210
2711
5318
5423
1859
9901
6513
3857
0580
4735
7662
3688
1039
2294
2449
6761
5772
3601
5131
5356
6961
9498
8367
6516
9401
3586
9785
2490
1291
1615
7675
3813
0578
9438
7823
8846
5325
8127
2902
2037
3994
1438
5551
7702
9811
9156
0314
3218
9260
2071
2774
1113
1036
2371
6931
9849
1839
5175
5655
6860
3735
7953
4224
5630
4646
0038
2339
8238
0479
8972
4483
9747
7810
8384
1331
3557
1778
3243
7757
2112
1088
4082
2668
7743
7253
4579
2787
3858
6335
9989
8024
3186
6239
4559
6554
4299
4096
9583
5899
4708
8037
8088
0725
4373
2693
5985
1391
9379
2465
5577
2210
3593
0402
5689
5982
5516
3815
8291
0488
3987
9812
2618
1095
2768
6365
8951
2509
4616
0012
3479
4076
6589
5916
2861
7978
8407
3638
3152
6869
2316
3800
4968
2157
3836
2819
8610
3410
4013
9502
7624
8350
5071
1340
5601
2072
9981
7600
6729
2909
2395
9386
2649
0279
3489
0774
6532
2084
6851
6681
0812
9868
0639
2808
9882
3016
1350
7641
9259
2022
3164
2258
4933
4434
7104
7240
0136
4571
4272
9134
0556
4747
8449
0644
4400
8300
2591
3447
1502
9789
3939
2177
3249
6422
6667
3778
9010
1738
2733
7925
9944
0480
4827
6186
7437
4207
8612
8140
3819
2373
8646
8203
9824
8178
0143
8457
6706
9320
2877
9649
0727
3561
8833
4264
4403
3427
8624
4538
5064
1089
4450
4436
1289
3434
1233
2860
7614
4228
3636
0743
6800
6101
7498
9168
5286
0337
5871
6759
4619
2600
0271
4965
6825
7321
8952
4967
7918
3232
4190
7788
4306
7087
5117
4741
0076
0973
4768
1171
8668
1867
6302
5085
5400
0301
6715
8790
3109
2051
8241
7292
4649
8625
2313
5647
9046
2723
6770
9128
9573
5224
9815
4955
0100
4194
6936
5110
0756
2042
0447
2594
3719
3024
5555
3445
7033
9304
0239
6070
2052
6560
6102
5426
6064
5758
8057
8852
8914
0876
2745
5950
1553
6282
1430
0195
9890
0128
2478
3057
2475
6344
0559
2895
3065
8030
9112
2791
1682
6099
5918
5357
6029
7428
9913
9682
2541
8172
9250
6293
6738
7259
7142
4683
7512
4276
3703
2985
0603
9584
9832
5161
2241
5978
9674
7486
0809
6693
8110
2460
0931
4501
7887
8901
1237
4298
9534
2690
2328
7965
8279
8469
0759
3757
8344
6307
1271
0700
4418
7183
0527
5719
5700
8937
9744
8918
3027
7114
6269
8869
9089
3102
1955
9445
9097
8831
7241
2837
9869
7714
1234
6799
6994
3643
9715
0523
0669
1920
8092
2542
5048
2907
1021
1753
4122
7821
4595
4435
4863
0313
8508
2716
6838
1872
3868
4594
3219
5617
0767
7065
8735
0839
0928
5364
1343
7871
3190
0338
7642
1260
4514
6980
7538
8606
0256
5823
2854
7214
4905
2642
9612
8072
5740
3052
7772
7542
5445
9889
2847
8247
9228
9935
5004
6604
9231
0538
1546
3841
6856
3377
2719
7414
3599
9786
6581
8781
2727
7835
5671
7461
7638
6492
0109
6139
0665
9369
8626
2954
9024
1988
2404
1554
6010
7720
2728
7036
4847
5739
6453
5665
8521
3566
6456
8995
4447
4379
5403
7726
6039
2452
5785
7393
6122
7813
0729
9263
7298
4555
1533
4345
0744
0460
3331
2100
1752
1621
1785
4284
3503
0484
6633
6835
8569
5787
0152
0134
2134
1853
7265
0969
3268
5544
3067
1708
1230
2923
5053
6301
6078
0913
0770
1040
1468
0328
3894
0169
4124
6329
8348
6925
5714
1961
5163
9703
1848
4337
3507
9194
6120
5975
2681
3312
6949
4541
8255
1864
3446
1043
7194
0351
6888
5431
4169
6608
1918
9017
9714
9906
9998
9654
1225
1857
7277
6624
9361
3721
3265
1411
1329
9975
9917
5693
8651
7134
6655
2535
5464
1478
1028
0661
8830
8192
4592
3923
5808
5296
8694
0915
5221
4903
9153
1881
6771
5938
6262
3398
7276
1863
9681
3581
4750
5393
5564
7462
2096
0984
3364
7266
6568
9050
5535
9266
4446
2900
4266
3604
9572
8144
6789
8386
6757
9706
9348
3839
7613
0693
1351
1038
1616
4043
9347
0037
1325
1067
2562
0803
6142
4919
6859
7954
0867
9070
1002
6170
7282
9886
9734
2953
2118
6867
6192
7677
6611
2792
6722
3031
3082
1417
0155
0869
5148
4369
1193
0870
0711
0415
9315
5195
4326
1500
7020
7495
0113
5488
5684
5344
0842
7034
0416
3867
0821
0371
7395
7852
8879
6831
8603
8712
5994
2713
4472
7696
0304
3211
8463
0064
8568
1673
3379
0068
8168
8576
2821
1989
0631
0882
2085
0153
6057
6320
0376
9993
6183
3471
1052
6405
9929
1626
5099
6863
4333
6045
1907
6848
3620
9876
7809
0473
2029
7636
5851
7370
2103
4025
2399
8460
2924
1930
3946
8237
7107
8129
9708
6696
4969
7592
8360
6063
2415
4670
8195
8905
6279
5642
5343
1025
8073
4694
6068
1494
2356
5567
5783
0116
9019
0316
4832
2788
0944
4362
5973
6459
6179
3882
9404
4686
5663
1810
1104
7101
8780
1189
3606
3619
2579
4141
7733
5183
1190
7822
8396
1262
1209
2754
1675
3182
3625
5602
3490
5314
7030
0176
0618
5138
4248
6731
6891
8514
2703
1919
9792
1614
5283
2644
4504
8505
0852
3482
4086
1760
4508
5147
7830
8512
5875
5515
2517
7230
9296
8642
0399
4123
7334
4993
5248
0819
2760
1457
5437
0193
7666
2367
2918
4985
0325
5773
0786
8414
8080
1382
3555
5243
2544
8204
0874
8541
6341
6420
3325
0543
5867
4866
5061
5126
5338
8990
0934
6680
7095
8349
5066
4652
5879
8862
9244
2302
1143
8803
9614
9532
4963
7096
3051
0889
2623
9535
4049
9709
4100
7908
8450
4310
6747
6398
3110
2848
4090
2567
0293
4885
3335
8051
5015
9325
4116
7537
9497
7716
9288
2067
7318
6551
9515
6728
6565
4580
7793
0135
2894
4113
6577
2397
2533
6816
4567
2082
0897
4201
7510
7048
2233
3550
6191
0283
0428
4596
2094
3505
8932
9866
1034
5664
4682
1741
7168
1132
5563
1850
3801
7916
0448
1219
5320
6684
8665
9546
3935
2831
2059
3651
2013
6582
4793
4206
1324
0601
1206
8270
5723
2167
4990
1825
2047
5054
1126
4115
6399
6772
9130
8675
0439
3938
0641
9196
6526
6212
6524
9235
8056
1373
0892
7912
3013
7741
7701
6625
1777
6699
7767
4075
1421
2867
6305
7474
8417
0244
2612
3206
9752
1807
7051
8003
2749
3163
1149
2686
9038
8785
7072
9411
8289
3002
5172
0923
8313
3386
0781
0472
7691
4718
9366
1450
1251
4577
0769
6072
8813
9850
1140
7439
1279
0225
1601
1148
0251
5359
9209
7163
1816
9221
7169
4398
2949
3675
3570
9862
1483
0340
4263
7411
3660
2312
0519
2828
7254
3476
8643
1398
2813
3442
0175
3823
5858
4144
6695
0900
3499
6048
5583
7975
1384
7316
0686
3537
5446
8022
9292
5989
9961
9870
3934
0837
8739
5673
8174
2843
2216
3090
8583
4139
8459
7540
8176
1799
3324
3282
7944
4837
5323
4824
9175
0518
9467
6484
6040
4004
5396
6858
0784
7806
4777
2724
3985
8093
1715
3085
6363
9956
1480
2193
4171
9877
9601
4008
4255
3294
7875
5763
8404
2802
4401
0734
8777
9629
2820
8527
8766
2337
1599
3966
0380
2650
1957
6495
3885
6584
6663
8959
0238
2291
4498
5268
2261
6243
9049
9280
5149
9973
5829
2061
7827
5027
5118
7307
5771
2115
9460
8845
1895
3822
1061
7878
2326
9950
0795
9933
2905
3488
6073
0305
7205
4322
2661
9587
5029
4512
0549
6537
7704
5456
0174
9571
7482
1652
3451
8935
2179
3044
2295
8750
6242
0828
9442
5992
4307
1860
7523
8602
5678
6527
6878
1713
4548
0357
6244
0720
4225
9241
2011
5798
1392
1633
1300
1866
6113
6378
3806
9669
1174
4821
6026
8878
4956
5247
4901
2992
5331
7009
9125
5341
9733
8074
4664
3580
0975
4125
8236
4659
0663
7039
5574
6292
9305
8294
5031
5260
8299
5777
9618
7090
1579
8415
8865
9180
7175
0776
6812
7099
2981
4048
8696
3828
1462
8654
0587
5017
0664
2799
4665
5517
3104
2588
3766
7275
1238
2627
4758
2383
7056
8100
8798
2795
7029
2050
3571
5225
1944
5868
5411
7899
1406
2195
6471
0144
4485
5493
8690
4017
0058
3304
0737
3009
9927
6382
6518
3646
5461
1744
5242
4813
6146
4119
0810
1635
8764
0885
2569
7139
4582
9794
9605
0985
6788
2102
3269
4023
0237
9351
0309
5484
0919
2104
1618
8370
0836
7986
4525
6890
9267
6123
2217
2975
9257
6650
2558
5853
7655
1280
3333
1241
4681
8354
8844
7167
0177
0675
0452
4964
1704
9071
5154
0991
3129
7176
1516
2534
0482
1321
4874
1928
7189
0732
5476
1983
6106
1179
0412
6161
1059
4511
5321
8319
1187
7724
7485
7941
7213
0566
9751
0042
0375
6973
7363
4384
3835
6404
8187
8175
3996
8010
2305
5533
8587
6037
7475
5863
4107
1876
5034
4834
5636
9575
9499
3635
9641
3045
6007
2587
0573
9367
5220
1012
5353
8480
1309
7386
3428
6144
9039
8555
1079
5559
0746
1923
1594
2444
3698
5447
6322
6714
7519
8026
3947
8645
7864
7977
2635
6116
6576
9321
2990
9814
1598
0130
4709
5970
4749
6044
8158
0563
6287
9416
4080
4323
9839
9044
3899
5348
2620
6423
8944
7869
0462
3115
3140
1147
7960
4995
1679
8359
8638
5233
1145
8191
7469
0288
8304
7567
7007
5155
4519
1893
0619
8511
0217
1094
0666
7646
9841
4608
4789
9192
3382
3973
1441
5826
3558
8336
4565
0495
3291
4692
0181
1631
4976
6673
4928
2117
7260
7225
1056
1246
5922
8957
9982
1951
6246
3380
0775
0710
8916
4532
3573
8928
5856
1063
1996
3727
7552
1566
5801
3846
4517
4946
5843
0431
9312
5214
4856
5171
3578
4911
7326
4210
6114
6458
0381
6966
5527
7067
0123
5246
1358
1418
5806
9665
6609
9457
9307
1164
8333
0186
5157
6755
5181
7367
9090
7895
7489
0597
3484
9539
4574
9481
2017
8755
6132
4114
1320
6658
7764
9983
0896
4494
5657
3037
6974
4297
4135
5902
3849
2159
3059
5611
1409
0843
4684
4157
7680
8069
3155
8468
3892
8227
9759
5303
4087
8369
2352
4882
8494
0280
8442
2098
8507
8983
3437
6413
8183
3270
6642
3226
8044
4662
0691
2489
3062
8523
9609
4433
9723
6926
6402
7387
7049
8859
3510
9380
5140
0110
3640
7092
0930
4455
2697
4239
9140
1433
4031
4638
3116
9780
2377
4737
0898
0149
1465
5422
2922
8784
9867
8429
9655
6015
0101
0703
3697
6201
4632
9749
0043
1154
8779
5805
0216
0231
9854
5507
4267
6981
7974
8941
3210
8383
2244
6804
1664
9373
2673
3022
1793
8170
0051
6395
9027
9871
5277
6325
7732
3046
3658
1681
9319
8142
2971
7644
8078
8917
6955
5063
5310
2887
6956
4317
8128
9355
1660
3307
4233
0047
6197
5077
2156
0932
6308
8118
6849
1843
6549
8533
5793
8791
0129
4491
2471
8945
2956
5435
2196
0349
3001
5377
1128
6340
4763
4543
9954
3491
3891
3627
4372
6897
5710
1585
4792
0248
3936
4572
9329
2859
7376
1501
4518
1731
9617
0515
5721
2476
1694
4252
2354
4273
5383
0396
6750
8434
4172
3464
9521
5068
7970
6265
2203
2920
8977
6976
1609
8775
8447
6388
6071
7078
4743
8392
0236
9976
6448
6631
5352
9779
9843
5540
0679
0625
9939
5743
6506
2385
3808
5713
9281
9718
9441
5362
8233
4600
2477
9193
6674
6943
1680
4321
0245
8160
2530
8212
0742
1037
3955
9240
1293
2408
7993
1210
4906
8061
9451
5746
9139
5390
2443
5151
0780
2252
3678
4330
7111
4980
5078
3953
9984
4309
3217
0390
8303
9633
9094
9233
5284
6224
3419
8597
5859
9273
0063
8217
4745
5687
6975
2201
0039
0766
3137
2850
0266
2636
4625
6574
8335
5143
4909
8915
2694
2097
6240
9184
2913
8889
5113
4156
0959
1405
9091
6154
4442
3064
8362
6902
8738
1138
6815
6270
8232
7481
1282
0656
4449
6437
6970
0577
4083
9006
7212
8322
0320
0796
1630
0553
1712
7824
8446
8230
1903
9979
7261
5208
0003
8805
6853
7357
2251
5060
2643
7117
2709
6753
1175
1877
6135
5934
3118
4734
5016
5112
5440
6109
1964
4765
4921
7710
1497
9591
1474
1235
4302
2881
0758
0807
6483
6882
4361
1120
6918
7397
7164
7281
9462
2770
6508
9077
0673
0133
1767
5309
9447
9896
3412
8732
8893
2293
5603
3454
3068
5587
5580
6155
1879
5459
5470
9560
3647
9118
5334
3690
4478
4733
6077
2065
2256
5945
1136
2832
2664
7596
9671
9428
4628
1257
2106
3794
4134
2496
9136
8261
7191
4147
0161
7361
1053
9845
2448
9098
8207
0081
2007
6289
6493
5841
9005
3752
2141
9736
3328
8388
9490
8358
2273
4671
0156
1106
3112
5021
3421
6204
5223
1389
1597
3284
9446
3191
4311
0117
6887
3652
5599
7127
2155
6428
6662
3536
5355
9800
7578
2825
3770
2639
6972
3756
2119
1986
7108
6206
5508
1248
5042
3323
6140
5030
3119
7195
1576
6000
4312
9157
8180
1904
5528
8365
9764
2463
9724
1548
0401
6963
1977
2362
7181
5387
8266
9247
3519
6643
9837
0672
0191
8574
7113
3132
1769
6593
7751
6466
7713
4012
4437
9821
7781
3716
1559
1486
9907
6806
0987
4448
6203
3962
6774
1208
3637
8393
8126
7548
7458
0707
0986
3877
1295
4563
5044
0967
3394
8593
6529
5668
1956
4791
0879
7115
9286
4770
8565
7105
4899
0330
5520
7058
0799
7660
4639
8470
5686
4269
7615
9239
9185
4484
2999
3295
8910
7042
5797
1453
3450
9372
6105
7626
2344
1201
1434
3824
2824
2538
7150
2239
2107
4778
9200
4526
5350
5579
7855
9717
9272
8234
9065
1640
7792
9301
8146
3631
4515
7571
6094
0960
4000
5986
0868
1216
0609
1705
4992
1676
9874
9121
1607
3691
0643
4913
6115
0466
4952
7728
2242
5504
8811
5997
5049
2131
6156
2073
9421
6847
1072
7180
4812
9395
1141
9116
4502
4443
4966
2245
0914
1797
8749
7365
9710
5322
3089
0461
7863
5698
8086
6585
9394
5167
1754
8472
9182
3296
3241
8419
7333
9957
6886
3397
7927
4784
7100
9400
9631
0554
9093
8502
5919
4454
1422
4989
8147
2306
5911
8992
6689
1131
9578
7599
3173
7157
4036
2090
1739
3767
1267
3575
2889
5523
2969
2359
2136
7369
2869
0370
7257
7631
2287
7182
0254
9606
2278
7320
9852
7858
4703
0090
3833
3722
3348
6778
1827
0454
1624
1110
2113
6598
1970
1849
0719
0933
5097
0443
8550
5536
1805
4557
4002
6762
1703
5924
0435
2730
2707
4507
7845
5490
6477
8164
5752
7634
3400
0925
1628
0102
3271
3941
7064
2269
4640
0257
6254
7814
0507
7938
7398
2932
9256
4294
7143
4035
4412
0797
7773
9227
8374
9137
1236
5104
9152
3585
4015
0413
9324
8038
1871
5635
9461
3012
1042
0886
4339
8269
6403
6592
2872
1221
8545
8724
3750
7454
7400
8316
3662
8572
6923
4318
8471
4340
8515
0292
4529
5995
3875
4644
9360
9826
4629
3881
1338
4716
2710
2561
0778
5439
5119
8585
8886
9999
8387
7468
1929
1523
1787
8769
6810
7162
3455
0372
8014
0398
5392
5216
4492
7774
6781
6214
5211
0053
7778
0234
6127
6416
0226
9769
3916
8020
6445
8611
9334
7350
0077
1186
9517
4552
6003
0385
5041
3832
0963
4871
9529
3246
6830
6401
0160
1007
9590
2589
2685
4937
2330
5622
6299
6082
8613
3856
8818
0681
0596
8309
1982
5002
0026
3979
0369
4290
6652
4241
1439
1026
6726
7335
7826
6465
6187
7840
3309
6494
4232
7561
8590
3816
4550
7628
3518
5074
4183
6827
9630
0252
0965
2185
1196
3517
0695
3156
2657
4516
7347
8747
3948
9043
6452
3008
6808
1726
7828
3306
6683
4208
4353
7035
5814
8265
8660
9802
6228
1315
0352
6877
0367
3134
5575
1275
2238
2955
3754
1838
5145
5203
0324
6196
6367
2314
8356
3194
3184
5784
2438
1625
0386
1636
0636
7966
6011
2304
5190
4237
9478
5398
1840
7586
5966
6570
3252
3264
6002
2235
4120
4235
9730
3283
7703
5641
5486
9593
8858
0873
8720
2423
5108
1761
8177
7026
2838
3705
4409
8734
4835
2183
6500
8782
5857
8306
1862
1856
4857
0394
1371
7229
3334
4196
8281
9282
1401
5794
5305
1570
2348
5333
3522
0467
2340
4377
4050
3511
1288
5898
5731
1984
9765
8887
4978
8409
8094
1318
2246
0506
6253
3389
5738
8011
8725
3440
7000
7931
6034
3254
5891
6474
4803
8561
0114
0282
3465
9991
3743
2300
5249
7420
9985
3628
1272
2147
5786
8315
2917
1142
2952
1909
2736
7262
1556
7501
2175
3853
3629
2243
9468
5419
8467
6291
8223
7972
5553
5032
0220
2132
1379
1735
3174
3671
3904
7672
7467
7341
6708
4376
6881
9408
2012
2372
9269
8099
8188
3533
3944
8186
9610
8114
3530
3345
9101
9113
5627
6893
1212
0017
0862
4800
0918
6664
7558
2494
9712
3927
0584
7556
9746
3195
0373
1522
7763
8334
1791
2182
3679
3764
4680
5313
0073
5962
8702
2950
0261
0712
6409
4707
5186
9878
1018
3196
0620
8015
0004
7234
2865
2927
2137
4419
0522
2186
1662
7378
5311
1226
7238
6148
5430
3074
0436
1564
8296
6543
6989
5648
1127
0976
8259
3913
2378
6223
5237
7700
6713
1057
5095
2766
2873
3081
5339
5662
3972
0027
0200
6295
3430
4220
9658
3554
3452
1528
3964
1948
4158
5813
0210
0860
1403
5427
5363
4254
6656
4873
9397
3310
4195
2935
4754
2289
4904
5201
5849
3497
5059
9596
7818
2357
5943
0958
9036
8436
7184
3200
5654
1539
7079
8095
8254
7709
1975
1900
0685
8225
6173
6594
0421
4428
5495
7889
7311
3151
2163
4061
0000
5951
3448
1941
4769
6588
8102
3197
8925
8799
9640
6476
3740
7754
3792
7736
2687
8912
5028
4387
7331
2916
4009
9738
9701
7914
9109
8382
5256
0827
7527
0182
2967
2254
2779
6018
6166
1686
6231
7668
2974
2120
3286
3248
6444
1357
4300
6934
3831
5741
1155
8169
4715
6390
9079
4524
3951
1747
4744
5862
3650
9326
1266
3781
8676
8215
5933
1456
0118
5273
5358
9100
8956
5761
4044
7153
0534
4039
8885
8068
9550
0291
7024
5487
7008
6454
5906
2396
8898
6920
5253
8913
4935
9488
4876
4179
6571
8325
6215
5482
7997
7623
8017
1819
0662
4417
7403
1290
6718
8754
2714
4247
4809
0653
8005
6962
6193
5380
1443
2081
5180
5659
3272
3161
6331
7422
7765
5909
9224
8034
9840
3784
0927
3870
2049
5838
5346
7850
1451
7909
0935
3320
5920
6779
9085
2938
7780
3901
5194
7177
9064
3063
9317
0964
0363
4867
0010
6316
1885
8267
6276
3359
7689
1099
2807
9945
8485
7032
8653
3785
6703
5729
6739
8691
8949
6171
1804
9061
8205
7617
4817
8704
3050
2214
8131
1688
0615
0996
0275
3092
4603
4528
3376
2582
7130
0894
1302
4456
5082
7031
3105
7543
5831
1176
3079
5803
4378
7171
6369
4005
0223
9634
4293
7188
7771
3162
5968
3967
9458
5232
7441
4424
4551
2801
2031
5886
8939
0539
3159
6439
9888
4931
5514
7667
1194
2491
8812
2265
0432
9664
1768
8400
6361
9126
3772
1137
1583
9636
2524
6030
0722
4092
6645
6894
2596
4214
9045
9370
7305
2292
1888
6548
4204
5136
9108
0920
3773
8559
1466
6479
0755
9727
8264
8926
6809
3470
3288
7604
0992
2240
7528
2757
2573
5560
2502
5954
9096
9509
3668
0389
7388
3609
5300
8431
3582
1285
1222
9359
0199
4227
1734
4883
1693
8715
5226
4459
0878
9503
1567
0950
3804
1184
3187
0972
1349
7550
8746
9776
5531
4257
2692
9930
8337
6165
1512
8558
9947
4175
5098
2994
7651
7268
8262
8682
9647
6822
0903
7610
3383
9898
2827
2934
6430
0895
3077
2128
3203
3720
7368
1515
5420
3018
1911
3990
0321
9988
5667
3796
8599
8633
9102
4038
0092
4229
9879
4783
9796
6499
0561
8372
7803
0414
4848
6009
6834
9579
0602
6088
6326
9942
0640
0185
5727
0173
2735
3375
1297
6530
5265
7069
8721
6776
2556
6635
3837
7783
5546
6741
8448
9564
2298
4597
6984
2973
6241
0678
1467
7457
6194
0201
6336
0660
1692
4674
7324
0806
7796
3349
4019
4062
6765
0517
1906
2227
1575
3587
8213
0783
6035
6407
9159
8762
0057
2695
6090
9454
9258
8220
2149
3884
6175
3888
0805
4094
4738
7373
9278
9808
9969
5606
3047
5670
8768
9833
8641
6596
3920
5376
7508
3602
6637
2341
8152
9423
4869
4439
3560
6041
8664
5927
2540
0241
6091
7992
3403
3340
7203
1416
1505
4238
9248
3388
0546
3201
0899
8211
4802
7247
4103
5850
7359
0943
5766
3453
0551
8976
3069
7243
5372
7041
7686
0013
4246
2500
9656
5241
9767
6062
6507
9893
2485
4910
4624
7434
4074
1896
0632
6874
6313
7808
2929
9110
6534
1717
0274
7442
8318
2734
2432
2855
1168
3393
9183
1899
7110
9492
2546
1368
3502
5417
1606
8709
4688
7800
1913
8408
3656
6028
6819
9001
2264
7402
5685
0087
2997
0998
3809
4759
7010
2512
0747
5830
1966
7061
6525
6124
1197
2748
2023
5503
7280
1084
4148
8009
3834
7734
1259
0124
2989
4363
0692
7820
4987
5584
0180
9188
8475
0628
8079
5070
1795
7503
7932
6296
1223
3407
1232
1380
0476
7016
9834
2803
3605
3230
8513
9148
5000
2626
6735
3374
8847
0735
0018
0437
3746
5230
2473
0055
0866
5756
5640
1205
2505
3791
3498
8531
5408
8578
0600
2531
3598
1258
6470
2893
1783
1011
7789
8639
2360
2454
6740
8994
6294
9677
3563
2965
9339
2683
5905
2613
5465
7488
4102
3287
2440
8445
4712
5674
7753
0329
6857
5644
5957
6195
8604
7892
6653
9952
7382
1759
4078
7664
0613
6006
0790
2603
6441
4814
9537
0289
6426
4291
9861
9211
3807
3546
1096
6158
4332
9335
5240
4165
9600
3198
1789
8083
2903
2737
9111
9974
8027
3048
4041
2876
3231
6521
0528
4304
9236
4021
5388
8778
2230
0739
7236
5904
4184
6137
9624
4432
6248
6355
2388
9160
2206
4431
8123
9104
0858
9452
3188
1489
7453
9919
4658
8701
9538
6802
2394
9619
2750
4059
9816
7228
5177
8618
9289
7857
5888
2414
2718
1610
9822
9775
3387
3995
2565
7218
8273
1264
5699
5351
9972
4281
7886
8375
0788
3751
3797
3181
3193
3487
1172
3224
4982
7399
0709
8138
4569
4549
3706
7847
1837
7607
5046
7126
7868
9966
5817
0108
5651
9626
2763
1265
8184
4530
0425
6205
8728
1050
0270
7896
2405
9469
3006
2816
9095
5848
6661
6583
6104
8049
4349
9056
6622
7102
0005
5680
6813
5530
6855
2572
3840
0575
1323
4192
3521
8401
4669
6916
8903
4888
4788
3473
6619
8109
2566
7779
6318
6451
8919
9058
1314
6406
7919
0945
6953
9971
3160
0115
0565
4672
6086
9470
2428
4690
6705
4902
4466
1550
8547
1385
6669
7483
5529
5570
7531
1355
2706
5892
9628
4006
7984
0794
6332
5701
7934
3674
2648
4186
5169
1504
6001
2575
3641
1431
7637
5033
6922
3765
4855
3654
4818
6016
0684
9035
9234
5184
0207
8832
5770
0410
4105
9504
9659
9696
3127
8283
2543
0791
0890
0877
4414
9653
7770
9308
8113
8495
4623
5124
9352
2654
1613
5870
1166
7551
1185
9574
4752
3124
8741
2980
4880
0728
4213
7288
9686
6174
3779
6317
2041
2479
4816
1584
0036
5335
7421
8154
0219
9995
2211
9419
5706
3322
1829
1283
5471
8317
7829
5594
0060
9377
1243
7287
4939
2431
9666
3595
8210
5708
4807
2599
4402
0453
7073
9760
0021
9831
4489
8703
1044
3655
3330
4729
8875
9728
0525
5290
6987
4159
9290
3755
7352
9450
8278
9873
8007
6131
7526
5213
0315
0513
0941
3559
8425
1971
5707
1582
5552
2625
0487
9435
9884
4689
8091
6245
4420
2000
1090
4176
7206
8163
5432
6698
2145
0015
3594
4850
7445
3143
8456
4261
4392
6089
8224
5003
8986
5160
6539
5696
5618
8181
0131
3982
0407
6911
5414
4929
5565
2346
8582
2977
0536
9622
1162
7093
1666
3732
8966
0671
6912
4408
9143
4719
6517
8280
6840
6066
6965
3417
2823
6238
4705
8228
4598
5734
5452
5045
4065
2513
7632
4635
7692
5812
7018
7082
7270
1153
7648
0430
9074
7856
7576
8528
8377
9704
2430
8466
7404
5632
6446
4137
6226
0988
5424
2336
7674
5779
0344
5250
6275
2682
6760
2570
6328
5643
4382
8537
5969
4781
8726
3229
9847
8063
2068
6743
2619
4808
9309
0001
2345
1010
5293
8689
0974
8658
1968
8591
0071
2078
2379
4790
0908
7122
0459
4099
7306
8867
4319
7509
8064
2742
3170
6749
0825
8584
8332
0831
9880
4721
3433
8252
9313
7005
9491
7647
5751
9020
2970
3737
4695
2586
4486
5252
7476
6005
6442
7224
5306
3763
6381
8081
8698
4860
5153
5694
5947
5023
3308
9004
8896
7084
7216
8540
2701
7737
0762
7611
0197
3240
3850
0141
4445
5010
7185
2908
3072
1674
2391
1965
8054
2818
7882
2809
3166
7137
9383
0388
0250
9413
0354
6960
8041
7271
9493
9147
1202
1261
2165
4185
3139
0343
6008
0308
9341
9547
8199
1835
9588
6701
8082
5709
9173
0119
0273
3366
7235
8975
9167
7698
9690
6261
5369
5861
6502
6977
9978
1790
1101
2840
9443
9261
8162
2759
3020
9294
3233
6707
7996
4634
2817
4846
6151
4556
6136
9875
5463
4974
8342
1779
7231
3238
0646
6742
7735
1558
0474
6366
8308
4957
7656
7211
8042
5722
2466
2224
1641
5623
7401
0745
4858
7071
9472
1460
7339
1571
1737
6535
9067
4250
1029
3811
9396
2993
3971
2853
6523
3478
3338
8622
5818
7284
8087
8143
5697
1891
7748
6288
9164
9486
1788
0048
5979
2048
7449
7968
8275
0107
9232
8570
7274
3699
8112
5259
1945
1563
0441
0147
7466
2551
4160
1327
9563
8201
8978
0611
3290
8219
1657
7616
4258
3150
4766
3300
2947
7994
1087
4801
3097
6605
0400
2170
1611
5615
5730
9063
0224
5360
4389
9585
6004
0469
1111
9072
3838
4174
0230
7340
3235
6618
8614
4806
0814
9151
2271
0065
5883
4706
8577
1629
6627
2880
1058
1068
4973
5554
8605
9343
8616
9448
4197
7273
0526
9353
5014
0905
7161
2284
4460
6547
0481
5272
4842
3708
5842
3302
0581
0533
8958
2911
3438
0723
1707
2419
0909
2343
2886
0235
8028
9034
8804
3145
6150
5767
4260
1814
6948
5349
8479
4314
4164
9028
6380
5276
3071
1828
3633
1665
4470
7839
5728
2674
8070
5235
8025
9430
8125
8794
4988
8835
7417
4296
2026
9080
4251
3011
9336
8222
5229
3172
2756
7173
4861
2420
7408
2402
2598
3399
5065
1667
7575
7296
8872
6033
9190
5209
2250
0093
5932
8866
1985
6172
3415
1687
5415
7088
3851
4104
7645
2583
8035
0061
4907
6717
3776
5991
4341
7817
1473
2593
1729
4282
8218
0849
5178
4129
0222
0284
9198
4810
7207
1699
1102
2046
4890
6929
7990
9803
8594
0997
5076
4722
6235
2270
3019
1276
2398
0212
5607
9725
5258
8002
8621
0677
3381
1227
2503
7506
2786
5307
7602
4085
8151
2839
0492
8250
0592
7178
2515
6563
9032
9756
6697
7435
9254
5893
8473
7249
8484
8792
9980
2146
2739
1013
5205
5285
2368
8815
5125
3818
6233
8575
3978
5416
1834
2721
2281
3531
2481
6546
1383
2381
9000
0269
6314
1999
2508
7473
8921
4022
4347
2173
8328
8437
3726
7148
9726
1091
2484
3373
0140
4081
6218
7907
9528
9883
5860
0468
2374
5619
7541
2088
7314
6575
4947
3177
4730
5526
8411
2611
2998
8877
7603
4604
2492
5589
1165
5332
8500
2796
3830
0040
3786
2262
8717
1720
3239
8048
2829
3313
1973
7319
0276
2705
0808
6455
6020
5460
5718
5925
9554
4865
6854
7562
9220
9402
5020
6356
1591
2785
5262
1496
8153
5492
5903
7731
3274
0281
6461
3392
3026
7391
8478
4561
8346
3788
5795
2608
4274
1404
8737
7484
7573
4295
1565
1046
7581
4497
6595
1228
8239
4033
8954
2333
5717
0617
5056
7511
7742
1905
7132
9598
4324
7156
6644
7215
7921
9540
7784
9501
2426
6982
7302
5921
4067
7544
7343
9299
2086
0857
3256
6273
8667
1182
6903
2983
1798
6558
0961
6310
8182
5228
0521
0979
3168
7446
2321
7394
8820
6387
3075
9014
0777
9345
3078
3821
6954
3292
2130
2259
2704
2038
7165
5428
1916
1035
2708
6216
9346
9455
4058
8293
6950
8634
8465
2455
1671
8245
4469
3165
8008
8774
4868
1560
6375
2944
2144
5873
3106
1339
7939
8260
1207
0069
6522
1845
8695
6550
5586
4131
1972
3347
0022
4849
4026
3577
7606
7987
9362
0493
6990
7109
9955
2332
2630
2545
7372
6638
1756
2925
7897
6134
8743
4453
0875
1947
2882
2811
2498
0888
7456
0586
4578
4503
8043
2497
0765
3873
8321
0785
1159
3314
8554
2416
4143
9138
4482
2702
1653
3932
8629
1803
9570
4742
7721
6309
6648
5983
2187
7443
2162
2765
9212
4199
4892
2958
1298
7836
4912
7924
6491
9807
1069
2982
9163
6421
4226
9732
1710
4182
2910
7756
8525
1344
4999
2319
8864
9127
4542
2753
7256
8084
8373
9912
1809
5846
2631
1543
1684
9678
1115
5956
7546
4071
1326
1649
7141
8827
0170
0246
3344
3266
0689
7496
2040
3630
7322
6843
2655
7075
6438
4394
2286
0019
1847
8539
1004
1156
2089
3418
3895
5139
9827
6036
0706
7942
0267
5816
5999
8881
8906
8980
4539
1878
6607
9823
1936
4584
6531
5799
9295
8506
0106
7291
1721
5389
8347
9371
6412
7738
2070
6632
1765
4945
9422
6991
9781
4828
3343
5990
5018
1449
3844
6129
6672
9031
2160
0286
0676
1103
6364
1429
5881
5361
8161
0294
3278
3025
1921
6613
7208
0910
9931
6724
3131
6861
7959
1308
1990
7204
8909
2516
1595
8179
7521
5971
4121
8767
7336
7627
0312
6628
9916
5292
7220
4325
0629
0570
9030
8989
7021
3133
0948
9910
7515
3731
1933
1529
3659
4029
6379
3215
4627
8326
6354
8752
7504
9003
7903
9388
6251
4771
6879
1823
8403
4583
1065
7682
4840
4163
7412
8340
0464
3661
6371
0590
9922
2645
7070
4073
8167
3865
8216
1723
7669
5308
6297
8716
0059
1794
7867
4068
3076
9536
9171
0738
7050
7299
1669
1527
0049
1770
4003
3141
6286
4534
1427
8399
3825
7838
6907
1952
1487
2412
0029
8458
0014
3122
4547
8476
0612
1346
0255
0494
3696
4991
7522
7580
2079
5566
9737
5090
7621
5907
1278
7711
0962
5725
1642
1407
6545
0364
8870
0424
1370
1118
4699
8097
8477
5987
6933
6603
6927
9806
0633
3880
8821
2043
4535
6097
6487
9057
1374
4522
1446
1949
3588
3862
2318
2434
0542
4654
3685
1356
9716
8973
3014
5897
9011
3202
2866
9851
9274
0272
4822
8868
9494
4531
6118
1521
8911
2915
8908
2849
2979
8733
3799
3414
0717
6065
9381
4066
4916
6826
2812
4959
3600
5547
9895
8488
0748
2469
4463
1950
6657
5051
6900
9512
0317
5185
3354
7535
5370
8962
0598
1943
3528
0132
8271
8165
6942
0240
1224
1211
3943
7004
2483
0768
9905
4404
0162
3991
9059
4666
9745
3095
6085
4438
8890
9114
5578
1875
4128
4986
3713
1286
4342
5658
0688
0547
7804
2592
2267
1311
8376
9206
0334
5319
7936
9398
9663
5328
7354
1023
8714
9392
3341
8860
0977
6748
7539
0502
3747
3898
8560
1354
9213
1802
1352
6280
1632
4198
9777
4599
4170
0085
6498
7283
5270
5896
9527
0446
3980
9753
2296
1811
4106
8428
9897
2188
4510
9076
8060
0062
3724
5245
7440
7649
2680
1152
1284
2427
3289
0205
2943
4399
3355
7929
3474
9650
4209
8453
0804
4844
5965
3925
0208
9676
0378
5949
4181
7245
7390
2896
2168
4145
4477
1130
4590
5279
5568
4667
7436
8452
3472
7605
4700
6482
4457
6434
5347
4315
5210
8771
2422
7425
5067
4200
4331
6908
6032
9023
3744
5827
9086
1281
4040
4245
2722
9279
5449
4859
6873
3396
8655
8200
7017
6616
3327
0095
5498
4591
8964
9921
9544
5127
6478
7325
3933
8824
8806
3810
9858
0782
2016
4480
2885
9908
6556
7572
3902
4410
4732
9041
5901
6415
2005
3900
3610
8707
0457
8098
5453
9252
5541
8324
8331
0647
8680
4117
1214
3889
2035
0079
5288
2255
1537
2036
2957
3896
8619
9412
3066
7383
4581
8961
8461
7832
4748
7844
0277
7145
4757
3543
0761
0341
7935
9154
4427
3443
6736
9166
2616
2752
0541
4091
7930
5407
0682
6784
4415
6047
6614
7881
4751
1083
2912
4162
8549
4088
3469
5542
3042
8285
4853
5394
9791
0593
1946
4032
4188
3622
9562
2228
2606
4028
0296
3023
0787
4540
4702
6268
7873
4617
5550
3709
7787
6315
3263
0409
9015
2389
2297
5295
0302
3350
9757
9465
2178
8166
2966
0503
8546
3244
8681
2751
0922
2651
8240
6147
8208
9251
0595
5545
5152
1954
9047
2725
5094
2301
9555
4826
0956
9970
9099
7329
2180
3974
2548
6730
3876
0307
9936
5025
3189
9523
9604
7553
3864
0046
0848
5326
6710
9962
2335
1844
9285
3153
4687
3512
8745
1701
9864
3520
4451
7128
7217
7252
0287
9522
1330
4426
9150
3228
3113
2342
5524
2006
2249
9117
8075
7948
1369
5762
1060
2696
5556
5650
8757
3749
2062
8850
6418
8854
8251
1508
5193
5037
1160
4079
5239
4830
0851
3937
6944
9474
1437
8648
2142
2307
2836
8933
0981
4610
0696
7080
9657
8455
8822
7739
0904
5385
0793
0151
9170
7862
6599
7618
1313
0952
1215
2660
3526
2653
9763
3847
3977
0567
9298
2677
0243
3258
8677
4055
8148
4601
7776
0635
6023
5327
4520
1608
6764
8096
2045
2425
7338
2525
3435
3463
7955
3103
5192
0379
5075
3897
8490
1619
5666
1479
8423
2633
6436
5013
4668
9268
7588
0259
5371
1851
2184
4177
9357
7898
5802
4622
7995
7226
1535
3729
3070
3775
8969
4421
5413
4657
1022
0335
2101
7022
2308
9836
1852
4740
8249
7346
1493
0451
4063
3058
8031
6946
5605
5297
7949
2129
5628
4575
9548
3167
2474
0670
2110
3444
1076
1397
4527
6824
7962
5610
1915
7384
4917
3361
0829
4553
2413
6841
2080
7752
9053
8532
1000
7859
4422
0233
3425
4958
6988
7358
9743
9215
9103
2670
0297
5164
4576
5511
7639
9997
8338
6785
5757
1334
4673
9052
3676
4642
0938
0530
1588
3236
6621
2609
7601
7983
6087
8209
4560
1530
7755
8483
0990
8601
5800
0749
9119
8710
2220
4607
3420
4168
4496
9519
8115
9788
3958
0127
9287
7620
2732
7633
6763
2317
8967
7717
2225
2263
0537
4940
0760
5130
1813
6983
3093
4975
5257
4506
6725
9178
8493
4279
4256
4727
8770
3771
1869
1017
3094
5782
6266
3684
7174
8406
8520
7028
8067
7002
8116
0558
4879
8810
2559
7315
7811
2602
7762
2835
6744
2253
8876
1231
2521
9766
5961
7278
4072
4329
9133
4605
6038
4731
0105
0724
3642
5946
6130
9692
9810
7760
7998
1124
1922
4645
1490
1695
4960
7568
8193
3666
9687
0393
0833
0142
1724
8535
4084
7559
5475
8897
0789
3458
3038
4981
9859
2578
0164
1622
2783
3562
6573
5251
1574
2897
3060
7890
0458
0268
0545
1775
2731
8214
4357
8286
4108
4889
0524
9542
1711
0249
0429
4249
6872
9698
8248
9489
8492
0830
2437
6833
0504
1425
5274
8133
9607
0440
1424
3677
8809
6694
0772
8670
7444
1677
7982
0387
3436
5923
1830
7831
6153
6100
7585
2991
7629
6641
0648
4943
0218
4875
9949
0884
4397
3681
1593
5386
5760
5959
5960
9354
2597
6541
5595
9934
0072
2987
0861
7854
1842
1444
4234
4499
8729
8981
0355
3276
0306
8004
3176
0044
4948
0978
1644
9774
7094
1014
3986
0552
3121
3931
6634
4886
3369
0946
8130
9672
3146
4010
6021
4391
9344
5887
3860
4303
2921
7676
5006
3568
0714
6978
2439
4566
1532
6692
6321
0811
1337
1743
0319
3983
8647
8985
0916
4772
2806
7525
2747
9002
5206
7202
1683
7045
7923
4259
8305
5005
3704
1054
6623
7193
8947
1204
4407
0883
9719
7427
9066
8039
2851
0066
5238
9795
3584
1841
0377
7795
2871
6467
4760
7872
0011
0091
6910
9456
9440
1551
2667
7819
7304
7136
9691
3999
2776
5882
6054
9508
7566
1796
6043
2024
5749
2771
6357
0445
4130
5750
6058
6126
0823
3185
9799
6346
8823
0391
0704
8499
2507
8982
5753
8934
6883
3481
1589
6188
0322
2234
3449
5732
9431
1220
2027
2380
7223
6360
4626
4193
7513
7154
0698
3360
1544
2054
7264
0832
9399
8632
9731
6198
4308
1808
2480
4655
1757
5497
8284
4289
6252
6958
9592
3768
3275
8608
8394
3963
0579
7619
8999
0422
8256
5910
7081
0206
7653
6959
6338
5675
3859
8301
0982
7086
5109
1925
2486
5187
3984
0926
5395
8307
1364
3096
6050
1064
2712
6408
3569
2863
6440
7635
1319
5062
5828
6709
1488
7744
4920
2370
6163
0872
2338
4798
8588
2514
3212
8288
7969
6017
4804
7263
7678
3527
2805
8045
4191
5304
7514
3597
0067
6578
6612
3952
1561
5367
8598
2468
5043
8797
8542
3000
2874
3053
3509
9820
4820
3907
8600
2124
6509
7589
7459
8801
3887
4922
6411
8141
5189
8501
5106
7849
5494
1969
3926
3592
5631
0423
2504
0242
8592
1992
2376
5404
0902
3673
5379
8509
9158
5941
2355
5877
0145
8363
8416
7431
6875
0227
0397
8742
8991
0103
3551
5089
5733
3854
7860
3774
0420
8297
0163
4150
4416
7694
6312
6514
4586
2353
3695
3259
4335
7057
2537
1817
6281
9637
2309
4155
1517
1732
4385
4819
2331
8427
4205
6121
6572
6899
5345
8379
0624
2549
0954
9480
3480
7712
3960
4651
2659
7577
5467
2961
6818
4189
0331
1269
7490
0763
3250
8077
4932
0300
1714
2148
9393
7001
9801
3805
9923
6234
9684
2030
1509
9911
2904
9594
3614
0075
6060
1722
3940
3183
3049
6685
7902
3318
3969
5912
6986
2529
4558
5604
9707
7255
8595
1031
9920
3745
8548
7405
9748
9741
3029
1015
7244
8567
9638
1112
4488
5681
9255
3362
3657
1503
6569
6190
6871
8863
1746
0323
6358
7027
8058
9042
5532
5917
9403
7323
0616
6229
2798
8111
7430
4764
7415
9364
0773
8418
1254
2347
8351
6821
5621
9566
2988
5244
1833
6237
1001
1987
6511
1780
4405
4994
4388
5937
0045
4839
0568
7053
0327
8229
4631
3262
2290
0699
2914
4223
7355
3504
4775
1454
6256
1218
7730
0187
9165
5179
9627
3007
7816
7937
9946
9202
6842
6932
0834
4962
7785
5581
7663
2458
6112
5952
6141
9055
9084
1696
3142
2433
7533
7135
7066
1718
6512
0361
6686
9773
3424
7269
5436
4852
9449
5558
4393
5775
7423
7933
7980
8984
7242
3395
8380
3216
3356
5040
2864
4500
7232
2453
5705
0041
1245
7915
2571
3494
4930
2403
3267
4151
1937
7083
3205
1800
4057
0540
1198
3485
0968
2010
7670
6844
6096
1931
1590
5141
1365
4140
5434
9514
4970
3789
3714
8837
1250
8772
6284
8371
1428
4430
9771
0893
2726
8430
6427
2553
6951
0871
4173
4895
6723
1108
5222
4219
7295
0356
9639
2666
6080
6555
1586
9937
5144
5872
9425
3793
7348
8628
9940
2361
6303
9088
7658
1658
5646
3617
3220
1577
5964
7448
8960
9582
7630
8838
8510
5429
6298
8697
6677
8504
1033
6274
0690
2384
4977
5652
1363
4698
8339
3919
3787
5745
4545
0838
8807
3091
6300
6345
9242
5116
3477
5939
2632
0434
8352
9729
5573
3549
9291
1070
0404
9105
6389
0365
4811
9327
6892
8059
1463
2152
7910
5582
1394
3107
2793
0475
2948
7569
2077
4908
0571
8666
3612
5548
8197
5468
7151
0311
5747
7690
1408
7303
3413
7116
2640
4380
8773
2945
0137
6795
6414
9754
7500
0989
9275
7722
1755
2557
6053
1605
1846
7718
2560
6811
5984
5972
6704
5576
9926
7385
8444
9525
1698
6462
8206
1612
8848
8244
5255
3615
8998
7769
5974
6117
7926
9872
3667
6745
2400
6767
6267
9145
9968
7957
4350
2547
2665
5926
8391
7598
8783
0054
4618
8943
9477
8355
2429
8544
2978
1030
5656
7059
1213
8644
8736
4762
7956
1133
6469
9218
2563
8828
1822
6597
2834
5342
2555
9012
9783
5737
0500
4020
5479
6711
6503
5402
7487
7988
9885
0844
4862
2189
2984
0035
0406
1093
4996
2199
9229
4313
1144
4064
7246
2114
0854
2116
0771
1402
0189
6921
3734
7851
1736
0818
7579
9203
9553
1892
8920
4490
7222
8955
8637
3422
1958
6271
9409
3694
8159
7380
6460
9685
5384
8617
7530
2172
4954
4633
7834
0740
8268
9418
9994
7438
0490
5207
4268
6385
5478
8672
4327
9853
5442
7595
9322
4589
7158
9223
4423
4211
1472
3553
1638
6796
0080
3390
4677
5629
6828
1167
8327
7657
2222
7891
6832
0499
1926
9941
8706
7729
2568
5677
1310
6059
4465
4997
0650
1540
3965
2976
3970
3456
4949
7699
8581
7913
9511
7502
5715
8503
8900
2689
1009
0392
1386
7356
9992
6659
0995
8904
9580
8880
1689
2676
1178
3639
2135
2678
1868
6590
4971
9172
8748
9374
0209
5822
8157
6056
3905
0511
1648
5451
0970
5170
9742
8888
8988
9679
9842
8235
7103
9825
2744
6110
7893
9485
1668
6489
5137
5824
7906
4573
7267
2930
6208
6702
5263
5289
1372
0456
7055
1826
1032
1377
1432
5790
6213
2392
5612
4142
4153
4648
5809
8282
1938
8519
2814
7209
9642
3273
8556
9702
0751
0213
6651
9673
3921
2299
1647
4568
6417
3723
8295
2822
7594
2815
4355
5234
0544
3663
8892
3303
0178
6675
2868
6014
7946
2154
6370
7478
7842
7945
8857
5254
3441
0564
4077
2857
8929
0936
5833
1581
5315
8763
0994
2020
4051
4746
6727
1047
1200
3319
8071
1455
8433
2972
5399
9541
1151
6504
3466
6917
2858
9577
1253
5158
8894
9479
0623
1727
1378
8117
8678
5864
6263
3795
1003
6602
4381
0847
3669
3945
2790
2442
5261
5885
6168
8330
1332
1541
7517
2669
3222
4383
5865
6671
7144
8085
9029
5375
3332
3565
2746
3467
3541
9007
8381
6311
4367
7557
6211
3111
9697
7451
3136
1256
6199
8314
9750
8580
4536
2153
7424
6447
0863
0576
4924
2276
7006
3998
8366
1865
7285
0470
1651
8047
5955
2064
3225
5549
3337
3742
3871
8454
8221
3461
4782
0088
6410
6587
1381
4823
2519
9958
2487
0971
3817
5450
7366
9155
2181
3981
6092
7681
2663
2698
0318
9558
3280
0485
4936
5132
0856
3144
5302
9909
8760
7746
1742
2773
3607
0368
3460
3728
2581
1967
2604
6348
7186
7805
9463
7518
2280
0881
1041
0548
8883
9016
5382
1939
3175
5996
2536
4046
2775
3576
4161
9758
3829
9891
3893
7118
9543
3949
4893
3665
5212
2093
6719
9040
3100
4785
0120
5505
3515
7904
6629
6162
1568
6836
6353
2004
8312
9473
5690
4359
4292
3701
0826
3812
4218
9903
5557
5236
5007
2406
9484
8566
3700
2846
1934
8661
6852
6979
4236
6870
2257
6997
0514
9615
7330
5764
1902
0980
1263
7964
0491
3762
1123
6786
9243
9092
9208
7210
6636
7874
4696
0326
4111
8950
4253
4838
9844
4458
2962
4896
7747
5914
7342
2906
7493
5720
0104
4941
7112
2436
0033
3950
3083
0183
2830
8938
5967
0211
6996
6184
5765
2409
0362
8557
2715
8357
1889
1157
3710
9013
1097
7470
2060
1815
6468
3680
6352
2008
2628
1362
9264
8652
5614
8055
6019
6666
2456
3741
1758
7797
1603
7688
8727
2488
8538
7272
7583
4870
1415
3500
7807
0999
6601
3798
4461
5088
6814
0483
0817
0086
5571
6377
0531
1526
2215
7463
2411
3297
1993
6152
6098
0455
2322
1316
1301
0911
2407
5340
2069
9406
9433
6905
3845
6769
8579
3028
7332
3439
4756
5092
2574
6480
4056
2937
0172
6797
4537
3988
1901
0606
9318
7900
8669
5724
0594
7981
6803
9632
0298
8620
8744
7047
4780
1459
0168
5441
1801
1484
2034
0158
0074
4926
9770
7124
9602
2928
3462
0374
5876
6327
9818
3321
8243
0705
0652
8543
6510
4240
0820
2699
4661
7309
2772
9526
3033
5683
8753
7841
8474
6157
5936
3525
9565
6143
1880
9892
2133
6429
8942
3251
5405
8155
8439
2552
2647
4027
5019
5866
4370
6630
4825
3207
4344
6564
2223
3574
6660
9603
6947
1360
3169
9146
3689
5639
3416
4112
6901
4187
6906
2493
8627
2740
1511
7152
3542
5913
7707
6649
4877
6647
8656
6200
5869
6559
1098
6880
8274
7554
0346
1883
5202
6119
3861
3632
1125
7471
8940
4925
1268
4845
1105
7239
2797
3367
3929
0260
3039
1818
0687
8855
8145
5129
1049
7901
3957
2842
4602
7991
9204
4440
7866
7727
5001
7396
2401
3855
2139
7812
1114
9124
9495
9646
6258
4898
5409
5079
4891
1008
9434
5182
1776
9530
3924
5776
7516
5282
5963
7608
8842
0715
6383
9599
3126
6111
4452
3711
1910
3339
8970
9358
5744
7106
7479
0792
7286
6376
0701
8692
8029
0921
2457
3760
6746
8607
5200
3135
8873
0726
8776
2652
7429
6185
6665
0496
6561
1305
5105
4621
2057
5291
9595
9996
6232
0887
7187
3906
9008
9382
4833
4275
6720
1135
3357
3495
2208
7410
8836
4277
5162
7985
8800
6845
0708
2221
8124
6236
3365
9439
5026
7593
9645
8882
6225
8364
2729
3863
5852
6046
1978
0951
7477
5820
3556
7312
6754
3603
7794
8272
8361
4609
3956
3493
2063
9667
8108
3101
3909
5489
7950
8378
8398
0290
4018
5980
9349
3329
0516
2780
9444
7967
4843
3086
2021
1448
9135
7138
6486
8013
1976
8662
9925
2585
4972
7685
8834
7023
3245
3492
5791
3459
6319
4270
1341
4468
5525
0478
9384
3736
7499
8435
6481
1277
1150
2204
9429
4678
2810
6432
3534
5944
7003
0232
7170
6145
8345
2087
2451
1730
3209
1399
4872
9415
2459
9586
2197
9276
8679
0384
0028
4983
8563
8839
2482
6052
8631
9131
3942
4034
5976
3496
4474
4513
9524
8684
8052
5688
8491
1306
9689
3370
6876
1792
9505
9790
3692
8730
9283
4615
7155
5264
4374
6915
0649
5672
8405
2303
3803
2190
6177
2641
7349
4841
7582
0907
1991
4984
0167
1781
2334
5008
9782
1183
1292
7679
6752
6339
8413
6716
2527
1170
7085
2123
7775
4864
9762
3717
7802
9181
9904
0194
2150
2890
6283
7300
8368
1960
2140
4093
3080
7815
8438
6562
5742
2315
9176
7196
3221
5455
6690
3968
5391
9914
3192
9330
3715
8663
1836
6780
4462
2015
5173
4878
5819
2143
3199
2410
6591
7197
1549
4887
4230
9207
0009
0097
6846
0449
0917
3004
3992
5844
6930
1485
5894
5197
6758
5977
5073
1959
4146
0050
1139
4127
6928
8740
6519
9177
9772
3707
4132
2325
3712
8816
9721
4934
4154
1962
1376
4390
7159
4336
4570
1634
5050
3148
5166
3539
4836
2226
5159
9652
1617
1495
6209
9787
6359
1181
7089
0694
7563
9768
2311
4101
1296
8276
5825
4562
1177
4505
6734
0471
0859
3869
4950
0655
7344
3611
0651
6688
8134
3702
8968
0855
9576
6868
1073
3363
5501
6342
6790
7565
5585
9219
5781
3036
8609
1824
1573
3516
7590
9310
2621
5336
2365
9342
1247
2207
1086
7166
3257
6553
6793
0215
5174
0955
5443
0427
2720
6217
7301
8323
0020
6272
4178
4585
0023
2076
1322
2236
4755
9466
1886
9149
2283
0418
3547
8522
1580
0535
2960
0078
7381
3989
5146
4047
6895
7745
0591
8242
1469
6055
6323
7766
1854
1452
1908
3683
7407
1514
9026
2755
6896
2363
4587
7911
4180
7507
7715
5454
1307
0621
0345
0657
4697
7345
9668
1477
2878
7640
9623
8758
7798
8104
2268
1436
1981
5012
1447
6579
3293
4007
7673
8787
8711
4360
6496
7054
8786
2461
5278
7251
9856
8462
2761
8826
2926
2738
0179
9986
5366
1997
3311
5485
3305
4915
0405
9365
0403
8198
5704
5638
9368
8023
3866
7201
3852
7853
8948
5069
7433
1547
3178
7149
6337
2014
8718
0865
9075
5458
7665
2366
4285
1180
9054
2841
2127
7708
4923
5948
9608
1545
8927
0750
8246
5590
6347
3486
4653
5477
5676
0589
2205
6207
6061
8841
4221
1725
9616
3408
9613
4037
4761
2767
8173
1995
6544
7297
1242
6386
6149
0683
7426
2213
7768
1387
5692
8019
0841
5847
3506
1600
7147
9217
6103
1191
6862
6189
0610
1706
3514
8189
6221
1426
8106
0942
0333
0645
3179
3429
6210
9881
6540
6913
3687
6520
8397
3903
1217
8963
3545
2939
5900
9804
1016
1536
1367
1081
4352
2782
5660
9943
5381
9391
0605
7279
5895
6472
2789
3634
5854
6528
1400
5115
3653
0529
1333
4815
7684
2191
9960
7905
1388
1461
0520
7450
9226
6957
0697
2607
5312
2044
2968
3040
7612
4354
0383
2232
1481
8657
6084
0604
7706
7837
9819
8156
6639
9683
2526
8884
5217
3567
1475
5022
0891
3730
5839
7419
9705
9928
9427
2964
6515
5768
5928
3003
9549
6533
0190
3108
7074
7364
1979
7587
2470
5039
7025
2105
5682
5958
9798
1045
3034
3589
0716
4356
9531
3030
9670
6751
4546
1413
6167
6935
8033
9938
4650
2349
0562
0202
1542
3021
8196
9390
3315
1020
7200
6756
8953
1173
2959
9437
7865
8101
1169
0713
1932
2074
9142
1894
6024
8987
1627
1395
3157
6801
8353
8814
5815
9483
9186
0588
0310
5481
9018
5218
2055
4951
8311
0442
0929
3890
9162
4714
8705
7409
2892
0947
9722
7790
6536
0360
1304
6904
5788
5804
6885
2446
2743
8341
9179
1639
5093
4024
5374
9331
5759
9453
6394
9375
8016
2166
8065
0258
2684
1491
6424
5123
1994
3457
3621
6919
5561
9249
5128
4523
6449
1129
8731
3670
1471
8149
1270
6620
1812
0637
2870
2288
7976
5637
6285
0983
2518
9784
9082
4413
6505
2528
4927
6952
6985
4795
4728
3171
4283
3878
7861
1887
3208
4533
7120
4287
2946
0016
8036
9740
1654
5133
2272
2605
0159
3513
0070
0154
7432
7497
5473
4656
7750
5011
2472
4054
0031
6067
5716
3010
0463
1749
8671
0508
2862
9518
0359
4098
5103
2200
2169
7654
9556
8586
1772
9270
4351
5142
1773
5616
3358
9855
0007
1328
3326
4110
7119
9311
8719
9333
9389
3914
2590
8066
1670
9191
6393
5792
7884
9621
6257
5365
3301
4203
9552
6160
9510
7570
9464
1672
9376
7362
5102
1146
5101
5299
2879
8012
1074
7549
7529
7317
1195
3378
4914
7652
0582
2161
2784
2247
9069
5880
6682
4612
5679
0198
2996
6180
4487
2781
0572
5500
9284
5506
6992
4406
5122
3125
5120
5633
7879
9387
0204
1748
0146
0006
0634
9918
7294
9293
6969
1940
6400
0680
1419
4554
5418
6679
9643
7695
8194
8516
8050
6617
3242
4089
3682
0486
5198
6219
3908
1192
6941
9432
2212
2327
3180
5890
2001
0557
1107
7659
8421
9062
6095
9068
5572
3686
3802
0815
2671
3055
9037
9123
1051
5491
8688
3912
3352
2884
3432
3782
0733
1655
2510
8856
0342
0555
5316
2092
5474
8623
5280
9487
1750
0550
9303
3346
6820
2940
8150
2229
4411
2151
2198
0122
0339
7452
0138
0779
7052
4138
6721
8526
8432
9197
7534
7524
0465
8000
3351
0253
0192
3043
6490
0957
4805
3928
1274
0112
2462
4675
2329
6567
0489
6463
7012
1531
2358
3590
1890
6178
2875
7661
3035
3423
7687
4216
1555
5496
5755
7248
0126
6031
2800
4371
8006
9316
2584
7883
1874
3054
4053
1697
8817
7392
6775
5502
6610
1203
7179
8107
7353
5087
2445
6250
6443
8649
5410
3279
1774
8310
6670
4797
6668
1163
2435
9115
1312
0157
3411
8674
0336
6766
1782
5301
7192
2610
3725
3409
8185
3579
6924
5695
2595
5324
6485
6794
1855
3015
3261
1109
6914
2369
9363
5931
4676
0184
1199
1924
6075
7885
8756
5908
5196
4095
4725
6464
4643
1728
4953
4149
2501
9932
9253
1342
4620
6782
7447
6837
2285
5107
0030
7327
9332
7536
9405
0196
0607
5702
1440
3056
5219
6865
5998
9695
3820
7140
8090
9141
3759
5736
0382
9407
3758
7044
9567
2033
1414
2091
6805
0939
2202
5591
8105
5275
1317
1861
8440
9589
2194
1062
8136
9238
1620
7880
5052
0880
6384
4685
7406
7928
4720
2576
5191
4693
6368
8120
8263
1659
6501
4711
5512
1255
8891
8481
7472
2688
4787
7416
4509
9661
9222
1678
1733
1336
4375
8402
1122
2237
3154
3626
6435
4395
6334
2577
1858
8853
6362
1229
2941
0574
7455
8487
3886
7076
7719
2386
7917
7219
5271
6940
0285
9581
0411
9271
5608
2209
9688
8122
7125
8843
2393
7465
7989
7389
4479
3748
2933
8573
3299
7250
3753
6330
9835
2637
0845
6676
7759
0034
0433
0667
3540
3922
4647
6964
8551
3645
8759
8819
7131
8965
0608
4799
8489
6538
6993
1464
2614
7129
9081
4222
5834
2804
9169
0966
2951
4070
5855
8089
9568
7801
9793
2025
8343
4167
0509
2936
5915
7360
0658
0906
6419
9417
2852
8922
6787
6333
5940
5462
5534
4118
3648
8482
5330
5433
7777
2717
5083
7940
6372
9963
2656
1027
4564
6646
1870
9700
2564
1935
8993
8451
4334
0757
6938
0347
4831
9967
5626
8795
6557
7377
7971
2320
9189
6733
1345
2615
9277
6798
5624
2624
9713
4265
9161
1396
0150
5337
6700
3213
2275
0924
7091
8553
9060
0846
7337
0139
5150
8424
9205
9426
4014
2844
9611
3088
1882
3247
4851
2174
5421
0094
8422
5522
6850
0099
8562
4979
7963
3532
6807
5199
5457
5100
4471
6025
2387
8253
4467
9300
0426
1482
6093
5569
1335
6264
3618
1623
7876
0229
5625
1572
4464
6971
1117
5448
9959
3693
0585
0450
2279
6691
5499
0702
2522
8930
6457
9755
6049
7077
5596
4894
0438
8840
6433
5135
7038
3336
8673
3739
0510
0674
2277
2109
2898
5055
6306
0395
5711
0752
2888
6081
1569
8825
5649
9459
0096
8231
1498
3087
3718
5281
5588
9476
0912
7574
0622
0512
6783
2511
6396
3138
5878
1786
2350
9805
2111
3997
0214
0032
2601
3372
2638
6247
1188
1552
8861
6164
5769
9513
1252
3790
6022
3316
4212
5521
9838
9025
7761
2053
5156
6431
3298
8518
1520
5789
8571
8257
7492
2164
4726
6777
6159
4614
3544
5036
5215
9520
2375
2554
5811
1637
0084
5539
7961
1917
1513
0498
7952
9230
5317
6176
2764
9482
7671
6351
5378
7564
9545
8974
0171
2899
5930
6995
3911
4679
7958
2826
3649
0840
7505
4881
3672
0850
8426
9900
9865
8497
9122
2231
6255
9739
5613
6425
4052
1048
2499
4042
9187
2083
7786
0148
1244
1075
4011
4069
8226
6615
